Media: 0.10684012069730453
Varianza: 0.7738189613515055
